{
 "cells": [
  {
   "cell_type": "code",
   "execution_count": 92,
   "metadata": {
    "collapsed": true
   },
   "outputs": [],
   "source": [
    "import numpy as np\n",
    "import re\n",
    "import scipy\n",
    "\n",
    "from collections import Counter"
   ]
  },
  {
   "cell_type": "code",
   "execution_count": 18,
   "metadata": {
    "collapsed": true
   },
   "outputs": [],
   "source": [
    "with open('./sentences.txt', 'r') as f:\n",
    "    data = f.read().split('\\n')[:-1]"
   ]
  },
  {
   "cell_type": "code",
   "execution_count": 60,
   "metadata": {
    "collapsed": true
   },
   "outputs": [],
   "source": [
    "def tokenize(text):\n",
    "    splitted =  re.split('[^a-z]', text.lower())\n",
    "    clear = []\n",
    "    for word in splitted:\n",
    "        if word != '':\n",
    "            clear.append(word)\n",
    "    return clear"
   ]
  },
  {
   "cell_type": "code",
   "execution_count": 61,
   "metadata": {
    "collapsed": true
   },
   "outputs": [],
   "source": [
    "tokenized_corpus = [tokenize(text) for text in data]"
   ]
  },
  {
   "cell_type": "code",
   "execution_count": 62,
   "metadata": {},
   "outputs": [
    {
     "data": {
      "text/plain": [
       "[['in',\n",
       "  'comparison',\n",
       "  'to',\n",
       "  'dogs',\n",
       "  'cats',\n",
       "  'have',\n",
       "  'not',\n",
       "  'undergone',\n",
       "  'major',\n",
       "  'changes',\n",
       "  'during',\n",
       "  'the',\n",
       "  'domestication',\n",
       "  'process'],\n",
       " ['as',\n",
       "  'cat',\n",
       "  'simply',\n",
       "  'catenates',\n",
       "  'streams',\n",
       "  'of',\n",
       "  'bytes',\n",
       "  'it',\n",
       "  'can',\n",
       "  'be',\n",
       "  'also',\n",
       "  'used',\n",
       "  'to',\n",
       "  'concatenate',\n",
       "  'binary',\n",
       "  'files',\n",
       "  'where',\n",
       "  'it',\n",
       "  'will',\n",
       "  'just',\n",
       "  'concatenate',\n",
       "  'sequence',\n",
       "  'of',\n",
       "  'bytes'],\n",
       " ['a',\n",
       "  'common',\n",
       "  'interactive',\n",
       "  'use',\n",
       "  'of',\n",
       "  'cat',\n",
       "  'for',\n",
       "  'a',\n",
       "  'single',\n",
       "  'file',\n",
       "  'is',\n",
       "  'to',\n",
       "  'output',\n",
       "  'the',\n",
       "  'content',\n",
       "  'of',\n",
       "  'a',\n",
       "  'file',\n",
       "  'to',\n",
       "  'standard',\n",
       "  'output'],\n",
       " ['cats',\n",
       "  'can',\n",
       "  'hear',\n",
       "  'sounds',\n",
       "  'too',\n",
       "  'faint',\n",
       "  'or',\n",
       "  'too',\n",
       "  'high',\n",
       "  'in',\n",
       "  'frequency',\n",
       "  'for',\n",
       "  'human',\n",
       "  'ears',\n",
       "  'such',\n",
       "  'as',\n",
       "  'those',\n",
       "  'made',\n",
       "  'by',\n",
       "  'mice',\n",
       "  'and',\n",
       "  'other',\n",
       "  'small',\n",
       "  'animals'],\n",
       " ['in',\n",
       "  'one',\n",
       "  'people',\n",
       "  'deliberately',\n",
       "  'tamed',\n",
       "  'cats',\n",
       "  'in',\n",
       "  'a',\n",
       "  'process',\n",
       "  'of',\n",
       "  'artificial',\n",
       "  'selection',\n",
       "  'as',\n",
       "  'they',\n",
       "  'were',\n",
       "  'useful',\n",
       "  'predators',\n",
       "  'of',\n",
       "  'vermin'],\n",
       " ['the',\n",
       "  'domesticated',\n",
       "  'cat',\n",
       "  'and',\n",
       "  'its',\n",
       "  'closest',\n",
       "  'wild',\n",
       "  'ancestor',\n",
       "  'are',\n",
       "  'both',\n",
       "  'diploid',\n",
       "  'organisms',\n",
       "  'that',\n",
       "  'possess',\n",
       "  'chromosomes',\n",
       "  'and',\n",
       "  'roughly',\n",
       "  'genes'],\n",
       " ['domestic',\n",
       "  'cats',\n",
       "  'are',\n",
       "  'similar',\n",
       "  'in',\n",
       "  'size',\n",
       "  'to',\n",
       "  'the',\n",
       "  'other',\n",
       "  'members',\n",
       "  'of',\n",
       "  'the',\n",
       "  'genus',\n",
       "  'felis',\n",
       "  'typically',\n",
       "  'weighing',\n",
       "  'between',\n",
       "  'and',\n",
       "  'kg',\n",
       "  'and',\n",
       "  'lb'],\n",
       " ['however',\n",
       "  'if',\n",
       "  'the',\n",
       "  'output',\n",
       "  'is',\n",
       "  'piped',\n",
       "  'or',\n",
       "  'redirected',\n",
       "  'cat',\n",
       "  'is',\n",
       "  'unnecessary'],\n",
       " ['cat',\n",
       "  'with',\n",
       "  'one',\n",
       "  'named',\n",
       "  'file',\n",
       "  'is',\n",
       "  'safer',\n",
       "  'where',\n",
       "  'human',\n",
       "  'error',\n",
       "  'is',\n",
       "  'a',\n",
       "  'concern',\n",
       "  'one',\n",
       "  'wrong',\n",
       "  'use',\n",
       "  'of',\n",
       "  'the',\n",
       "  'default',\n",
       "  'redirection',\n",
       "  'symbol',\n",
       "  'instead',\n",
       "  'of',\n",
       "  'often',\n",
       "  'adjacent',\n",
       "  'on',\n",
       "  'keyboards',\n",
       "  'may',\n",
       "  'permanently',\n",
       "  'delete',\n",
       "  'the',\n",
       "  'file',\n",
       "  'you',\n",
       "  'were',\n",
       "  'just',\n",
       "  'needing',\n",
       "  'to',\n",
       "  'read'],\n",
       " ['in',\n",
       "  'terms',\n",
       "  'of',\n",
       "  'legibility',\n",
       "  'a',\n",
       "  'sequence',\n",
       "  'of',\n",
       "  'commands',\n",
       "  'starting',\n",
       "  'with',\n",
       "  'cat',\n",
       "  'and',\n",
       "  'connected',\n",
       "  'by',\n",
       "  'pipes',\n",
       "  'has',\n",
       "  'a',\n",
       "  'clear',\n",
       "  'left',\n",
       "  'to',\n",
       "  'right',\n",
       "  'flow',\n",
       "  'of',\n",
       "  'information'],\n",
       " ['cat',\n",
       "  'command',\n",
       "  'is',\n",
       "  'one',\n",
       "  'of',\n",
       "  'the',\n",
       "  'basic',\n",
       "  'commands',\n",
       "  'that',\n",
       "  'you',\n",
       "  'learned',\n",
       "  'when',\n",
       "  'you',\n",
       "  'started',\n",
       "  'in',\n",
       "  'the',\n",
       "  'unix',\n",
       "  'linux',\n",
       "  'world'],\n",
       " ['using',\n",
       "  'cat',\n",
       "  'command',\n",
       "  'the',\n",
       "  'lines',\n",
       "  'received',\n",
       "  'from',\n",
       "  'stdin',\n",
       "  'can',\n",
       "  'be',\n",
       "  'redirected',\n",
       "  'to',\n",
       "  'a',\n",
       "  'new',\n",
       "  'file',\n",
       "  'using',\n",
       "  'redirection',\n",
       "  'symbols'],\n",
       " ['when',\n",
       "  'you',\n",
       "  'type',\n",
       "  'simply',\n",
       "  'cat',\n",
       "  'command',\n",
       "  'without',\n",
       "  'any',\n",
       "  'arguments',\n",
       "  'it',\n",
       "  'just',\n",
       "  'receives',\n",
       "  'the',\n",
       "  'stdin',\n",
       "  'content',\n",
       "  'and',\n",
       "  'displays',\n",
       "  'it',\n",
       "  'in',\n",
       "  'the',\n",
       "  'stdout'],\n",
       " ['leopard',\n",
       "  'was',\n",
       "  'released',\n",
       "  'on',\n",
       "  'october',\n",
       "  'as',\n",
       "  'the',\n",
       "  'successor',\n",
       "  'of',\n",
       "  'tiger',\n",
       "  'version',\n",
       "  'and',\n",
       "  'is',\n",
       "  'available',\n",
       "  'in',\n",
       "  'two',\n",
       "  'editions'],\n",
       " ['according',\n",
       "  'to',\n",
       "  'apple',\n",
       "  'leopard',\n",
       "  'contains',\n",
       "  'over',\n",
       "  'changes',\n",
       "  'and',\n",
       "  'enhancements',\n",
       "  'over',\n",
       "  'its',\n",
       "  'predecessor',\n",
       "  'mac',\n",
       "  'os',\n",
       "  'x',\n",
       "  'tiger'],\n",
       " ['as',\n",
       "  'of',\n",
       "  'mid',\n",
       "  'some',\n",
       "  'apple',\n",
       "  'computers',\n",
       "  'have',\n",
       "  'firmware',\n",
       "  'factory',\n",
       "  'installed',\n",
       "  'which',\n",
       "  'will',\n",
       "  'no',\n",
       "  'longer',\n",
       "  'allow',\n",
       "  'installation',\n",
       "  'of',\n",
       "  'mac',\n",
       "  'os',\n",
       "  'x',\n",
       "  'leopard'],\n",
       " ['since',\n",
       "  'apple',\n",
       "  'moved',\n",
       "  'to',\n",
       "  'using',\n",
       "  'intel',\n",
       "  'processors',\n",
       "  'in',\n",
       "  'their',\n",
       "  'computers',\n",
       "  'the',\n",
       "  'osx',\n",
       "  'community',\n",
       "  'has',\n",
       "  'developed',\n",
       "  'and',\n",
       "  'now',\n",
       "  'also',\n",
       "  'allows',\n",
       "  'mac',\n",
       "  'os',\n",
       "  'x',\n",
       "  'tiger',\n",
       "  'and',\n",
       "  'later',\n",
       "  'releases',\n",
       "  'to',\n",
       "  'be',\n",
       "  'installed',\n",
       "  'on',\n",
       "  'non',\n",
       "  'apple',\n",
       "  'x',\n",
       "  'based',\n",
       "  'computers'],\n",
       " ['os',\n",
       "  'x',\n",
       "  'mountain',\n",
       "  'lion',\n",
       "  'was',\n",
       "  'released',\n",
       "  'on',\n",
       "  'july',\n",
       "  'for',\n",
       "  'purchase',\n",
       "  'and',\n",
       "  'download',\n",
       "  'through',\n",
       "  'apple',\n",
       "  's',\n",
       "  'mac',\n",
       "  'app',\n",
       "  'store',\n",
       "  'as',\n",
       "  'part',\n",
       "  'of',\n",
       "  'a',\n",
       "  'switch',\n",
       "  'to',\n",
       "  'releasing',\n",
       "  'os',\n",
       "  'x',\n",
       "  'versions',\n",
       "  'online',\n",
       "  'and',\n",
       "  'every',\n",
       "  'year'],\n",
       " ['apple',\n",
       "  'has',\n",
       "  'released',\n",
       "  'a',\n",
       "  'small',\n",
       "  'patch',\n",
       "  'for',\n",
       "  'the',\n",
       "  'three',\n",
       "  'most',\n",
       "  'recent',\n",
       "  'versions',\n",
       "  'of',\n",
       "  'safari',\n",
       "  'running',\n",
       "  'on',\n",
       "  'os',\n",
       "  'x',\n",
       "  'yosemite',\n",
       "  'mavericks',\n",
       "  'and',\n",
       "  'mountain',\n",
       "  'lion'],\n",
       " ['the',\n",
       "  'mountain',\n",
       "  'lion',\n",
       "  'release',\n",
       "  'marks',\n",
       "  'the',\n",
       "  'second',\n",
       "  'time',\n",
       "  'apple',\n",
       "  'has',\n",
       "  'offered',\n",
       "  'an',\n",
       "  'incremental',\n",
       "  'upgrade',\n",
       "  'rather',\n",
       "  'than',\n",
       "  'releasing',\n",
       "  'a',\n",
       "  'new',\n",
       "  'cat',\n",
       "  'entirely'],\n",
       " ['mac',\n",
       "  'os',\n",
       "  'x',\n",
       "  'mountain',\n",
       "  'lion',\n",
       "  'installs',\n",
       "  'in',\n",
       "  'place',\n",
       "  'so',\n",
       "  'you',\n",
       "  'won',\n",
       "  't',\n",
       "  'need',\n",
       "  'to',\n",
       "  'create',\n",
       "  'a',\n",
       "  'separate',\n",
       "  'disk',\n",
       "  'or',\n",
       "  'run',\n",
       "  'the',\n",
       "  'installation',\n",
       "  'off',\n",
       "  'an',\n",
       "  'external',\n",
       "  'drive'],\n",
       " ['the',\n",
       "  'fifth',\n",
       "  'major',\n",
       "  'update',\n",
       "  'to',\n",
       "  'mac',\n",
       "  'os',\n",
       "  'x',\n",
       "  'leopard',\n",
       "  'contains',\n",
       "  'such',\n",
       "  'a',\n",
       "  'mountain',\n",
       "  'of',\n",
       "  'features',\n",
       "  'more',\n",
       "  'than',\n",
       "  'by',\n",
       "  'apple',\n",
       "  's',\n",
       "  'count']]"
      ]
     },
     "execution_count": 62,
     "metadata": {},
     "output_type": "execute_result"
    }
   ],
   "source": [
    "tokenized_corpus"
   ]
  },
  {
   "cell_type": "code",
   "execution_count": 63,
   "metadata": {
    "collapsed": true
   },
   "outputs": [],
   "source": [
    "words = {}\n",
    "for sentence in tokenized_corpus:\n",
    "    for word in sentence:\n",
    "        if word not in words:\n",
    "            words[word] = 1\n",
    "        words[word] += 1"
   ]
  },
  {
   "cell_type": "code",
   "execution_count": 64,
   "metadata": {},
   "outputs": [
    {
     "data": {
      "text/plain": [
       "254"
      ]
     },
     "execution_count": 64,
     "metadata": {},
     "output_type": "execute_result"
    }
   ],
   "source": [
    "len(words)"
   ]
  },
  {
   "cell_type": "code",
   "execution_count": 65,
   "metadata": {
    "collapsed": true
   },
   "outputs": [],
   "source": [
    "for i, key in enumerate(words.keys()):\n",
    "    words[key] = i"
   ]
  },
  {
   "cell_type": "code",
   "execution_count": 66,
   "metadata": {},
   "outputs": [
    {
     "data": {
      "text/plain": [
       "{'a': 33,\n",
       " 'according': 167,\n",
       " 'adjacent': 114,\n",
       " 'allow': 185,\n",
       " 'allows': 196,\n",
       " 'also': 24,\n",
       " 'an': 230,\n",
       " 'ancestor': 77,\n",
       " 'and': 58,\n",
       " 'animals': 61,\n",
       " 'any': 152,\n",
       " 'app': 208,\n",
       " 'apple': 168,\n",
       " 'are': 78,\n",
       " 'arguments': 153,\n",
       " 'artificial': 66,\n",
       " 'as': 14,\n",
       " 'available': 164,\n",
       " 'based': 200,\n",
       " 'basic': 136,\n",
       " 'be': 23,\n",
       " 'between': 95,\n",
       " 'binary': 27,\n",
       " 'both': 79,\n",
       " 'by': 56,\n",
       " 'bytes': 20,\n",
       " 'can': 22,\n",
       " 'cat': 15,\n",
       " 'catenates': 17,\n",
       " 'cats': 4,\n",
       " 'changes': 9,\n",
       " 'chromosomes': 84,\n",
       " 'clear': 130,\n",
       " 'closest': 75,\n",
       " 'command': 135,\n",
       " 'commands': 125,\n",
       " 'common': 34,\n",
       " 'community': 193,\n",
       " 'comparison': 1,\n",
       " 'computers': 178,\n",
       " 'concatenate': 26,\n",
       " 'concern': 107,\n",
       " 'connected': 127,\n",
       " 'contains': 169,\n",
       " 'content': 42,\n",
       " 'count': 253,\n",
       " 'create': 242,\n",
       " 'default': 109,\n",
       " 'delete': 119,\n",
       " 'deliberately': 64,\n",
       " 'developed': 194,\n",
       " 'diploid': 80,\n",
       " 'disk': 244,\n",
       " 'displays': 155,\n",
       " 'dogs': 3,\n",
       " 'domestic': 87,\n",
       " 'domesticated': 73,\n",
       " 'domestication': 12,\n",
       " 'download': 205,\n",
       " 'drive': 248,\n",
       " 'during': 10,\n",
       " 'ears': 52,\n",
       " 'editions': 166,\n",
       " 'enhancements': 171,\n",
       " 'entirely': 235,\n",
       " 'error': 106,\n",
       " 'every': 215,\n",
       " 'external': 247,\n",
       " 'factory': 180,\n",
       " 'faint': 47,\n",
       " 'features': 251,\n",
       " 'felis': 92,\n",
       " 'fifth': 249,\n",
       " 'file': 39,\n",
       " 'files': 28,\n",
       " 'firmware': 179,\n",
       " 'flow': 133,\n",
       " 'for': 37,\n",
       " 'frequency': 50,\n",
       " 'from': 146,\n",
       " 'genes': 86,\n",
       " 'genus': 91,\n",
       " 'has': 129,\n",
       " 'have': 5,\n",
       " 'hear': 44,\n",
       " 'high': 49,\n",
       " 'however': 98,\n",
       " 'human': 51,\n",
       " 'if': 99,\n",
       " 'in': 0,\n",
       " 'incremental': 231,\n",
       " 'information': 134,\n",
       " 'installation': 186,\n",
       " 'installed': 181,\n",
       " 'installs': 236,\n",
       " 'instead': 112,\n",
       " 'intel': 189,\n",
       " 'interactive': 35,\n",
       " 'is': 40,\n",
       " 'it': 21,\n",
       " 'its': 74,\n",
       " 'july': 203,\n",
       " 'just': 31,\n",
       " 'keyboards': 116,\n",
       " 'kg': 96,\n",
       " 'later': 197,\n",
       " 'lb': 97,\n",
       " 'learned': 137,\n",
       " 'left': 131,\n",
       " 'legibility': 124,\n",
       " 'leopard': 157,\n",
       " 'lines': 144,\n",
       " 'linux': 141,\n",
       " 'lion': 202,\n",
       " 'longer': 184,\n",
       " 'mac': 173,\n",
       " 'made': 55,\n",
       " 'major': 8,\n",
       " 'marks': 226,\n",
       " 'mavericks': 224,\n",
       " 'may': 117,\n",
       " 'members': 90,\n",
       " 'mice': 57,\n",
       " 'mid': 176,\n",
       " 'more': 252,\n",
       " 'most': 219,\n",
       " 'mountain': 201,\n",
       " 'moved': 188,\n",
       " 'named': 104,\n",
       " 'need': 241,\n",
       " 'needing': 121,\n",
       " 'new': 148,\n",
       " 'no': 183,\n",
       " 'non': 199,\n",
       " 'not': 6,\n",
       " 'now': 195,\n",
       " 'october': 160,\n",
       " 'of': 19,\n",
       " 'off': 246,\n",
       " 'offered': 229,\n",
       " 'often': 113,\n",
       " 'on': 115,\n",
       " 'one': 62,\n",
       " 'online': 214,\n",
       " 'or': 48,\n",
       " 'organisms': 81,\n",
       " 'os': 174,\n",
       " 'osx': 192,\n",
       " 'other': 59,\n",
       " 'output': 41,\n",
       " 'over': 170,\n",
       " 'part': 210,\n",
       " 'patch': 217,\n",
       " 'people': 63,\n",
       " 'permanently': 118,\n",
       " 'piped': 100,\n",
       " 'pipes': 128,\n",
       " 'place': 237,\n",
       " 'possess': 83,\n",
       " 'predators': 71,\n",
       " 'predecessor': 172,\n",
       " 'process': 13,\n",
       " 'processors': 190,\n",
       " 'purchase': 204,\n",
       " 'rather': 233,\n",
       " 'read': 122,\n",
       " 'received': 145,\n",
       " 'receives': 154,\n",
       " 'recent': 220,\n",
       " 'redirected': 101,\n",
       " 'redirection': 110,\n",
       " 'release': 225,\n",
       " 'released': 159,\n",
       " 'releases': 198,\n",
       " 'releasing': 212,\n",
       " 'right': 132,\n",
       " 'roughly': 85,\n",
       " 'run': 245,\n",
       " 'running': 222,\n",
       " 's': 207,\n",
       " 'safari': 221,\n",
       " 'safer': 105,\n",
       " 'second': 227,\n",
       " 'selection': 67,\n",
       " 'separate': 243,\n",
       " 'sequence': 32,\n",
       " 'similar': 88,\n",
       " 'simply': 16,\n",
       " 'since': 187,\n",
       " 'single': 38,\n",
       " 'size': 89,\n",
       " 'small': 60,\n",
       " 'so': 238,\n",
       " 'some': 177,\n",
       " 'sounds': 45,\n",
       " 'standard': 43,\n",
       " 'started': 139,\n",
       " 'starting': 126,\n",
       " 'stdin': 147,\n",
       " 'stdout': 156,\n",
       " 'store': 209,\n",
       " 'streams': 18,\n",
       " 'successor': 161,\n",
       " 'such': 53,\n",
       " 'switch': 211,\n",
       " 'symbol': 111,\n",
       " 'symbols': 149,\n",
       " 't': 240,\n",
       " 'tamed': 65,\n",
       " 'terms': 123,\n",
       " 'than': 234,\n",
       " 'that': 82,\n",
       " 'the': 11,\n",
       " 'their': 191,\n",
       " 'they': 68,\n",
       " 'those': 54,\n",
       " 'three': 218,\n",
       " 'through': 206,\n",
       " 'tiger': 162,\n",
       " 'time': 228,\n",
       " 'to': 2,\n",
       " 'too': 46,\n",
       " 'two': 165,\n",
       " 'type': 150,\n",
       " 'typically': 93,\n",
       " 'undergone': 7,\n",
       " 'unix': 140,\n",
       " 'unnecessary': 102,\n",
       " 'update': 250,\n",
       " 'upgrade': 232,\n",
       " 'use': 36,\n",
       " 'used': 25,\n",
       " 'useful': 70,\n",
       " 'using': 143,\n",
       " 'vermin': 72,\n",
       " 'version': 163,\n",
       " 'versions': 213,\n",
       " 'was': 158,\n",
       " 'weighing': 94,\n",
       " 'were': 69,\n",
       " 'when': 138,\n",
       " 'where': 29,\n",
       " 'which': 182,\n",
       " 'wild': 76,\n",
       " 'will': 30,\n",
       " 'with': 103,\n",
       " 'without': 151,\n",
       " 'won': 239,\n",
       " 'world': 142,\n",
       " 'wrong': 108,\n",
       " 'x': 175,\n",
       " 'year': 216,\n",
       " 'yosemite': 223,\n",
       " 'you': 120}"
      ]
     },
     "execution_count": 66,
     "metadata": {},
     "output_type": "execute_result"
    }
   ],
   "source": [
    "words"
   ]
  },
  {
   "cell_type": "code",
   "execution_count": 116,
   "metadata": {
    "collapsed": true
   },
   "outputs": [],
   "source": [
    "matrix = np.full((len(tokenized_corpus), len(words)), 0)\n",
    "for i, sentence in enumerate(tokenized_corpus):\n",
    "    for j, word in enumerate(sentence):\n",
    "        count_word = sentence.count(word)\n",
    "        matrix[i][words[word]] = count_word"
   ]
  },
  {
   "cell_type": "code",
   "execution_count": 117,
   "metadata": {},
   "outputs": [
    {
     "data": {
      "text/plain": [
       "array([[1, 1, 1, ..., 0, 0, 0],\n",
       "       [0, 0, 1, ..., 0, 0, 0],\n",
       "       [0, 0, 2, ..., 0, 0, 0],\n",
       "       ...,\n",
       "       [0, 0, 0, ..., 0, 0, 0],\n",
       "       [1, 0, 1, ..., 0, 0, 0],\n",
       "       [0, 0, 1, ..., 1, 1, 1]])"
      ]
     },
     "execution_count": 117,
     "metadata": {},
     "output_type": "execute_result"
    }
   ],
   "source": [
    "matrix"
   ]
  },
  {
   "cell_type": "code",
   "execution_count": 118,
   "metadata": {
    "collapsed": true
   },
   "outputs": [],
   "source": [
    "def cosine_distance(row1, row2):\n",
    "    scalar = row1.dot(row2)\n",
    "    distance = 1 - scalar / (np.linalg.norm(row1) * np.linalg.norm(row2))\n",
    "    return distance"
   ]
  },
  {
   "cell_type": "code",
   "execution_count": 119,
   "metadata": {
    "collapsed": true
   },
   "outputs": [],
   "source": [
    "distances = []\n",
    "for i, row1 in enumerate(matrix):\n",
    "    for j, row2 in enumerate(matrix):\n",
    "        distances.append((i, j, cosine_distance(row1, row2)))"
   ]
  },
  {
   "cell_type": "code",
   "execution_count": 120,
   "metadata": {
    "collapsed": true
   },
   "outputs": [],
   "source": [
    "answ = []\n",
    "for i in distances:\n",
    "    if i[0] == 0:\n",
    "        answ.append(i)"
   ]
  },
  {
   "cell_type": "code",
   "execution_count": 125,
   "metadata": {},
   "outputs": [
    {
     "data": {
      "text/plain": [
       "[(0, 0, 0.0),\n",
       " (0, 1, 0.9527544408738466),\n",
       " (0, 2, 0.8644738145642124),\n",
       " (0, 3, 0.8951715163278082),\n",
       " (0, 4, 0.7770887149698589),\n",
       " (0, 5, 0.9402385695332803),\n",
       " (0, 6, 0.7327387580875756),\n",
       " (0, 7, 0.9258750683338899),\n",
       " (0, 8, 0.884272487528431),\n",
       " (0, 9, 0.9055088817476932),\n",
       " (0, 10, 0.8328165362273942),\n",
       " (0, 11, 0.8804771390665607),\n",
       " (0, 12, 0.8396432548525454),\n",
       " (0, 13, 0.8703592552895671),\n",
       " (0, 14, 0.8740118423302576),\n",
       " (0, 15, 0.9442721787424647),\n",
       " (0, 16, 0.8406361854220809),\n",
       " (0, 17, 0.956644501523794),\n",
       " (0, 18, 0.9442721787424647),\n",
       " (0, 19, 0.8885443574849294),\n",
       " (0, 20, 0.8427572744917122),\n",
       " (0, 21, 0.8250364469440586)]"
      ]
     },
     "execution_count": 125,
     "metadata": {},
     "output_type": "execute_result"
    }
   ],
   "source": [
    "answ"
   ]
  },
  {
   "cell_type": "code",
   "execution_count": 124,
   "metadata": {},
   "outputs": [
    {
     "name": "stdout",
     "output_type": "stream",
     "text": [
      "6 0.7327387580875756\n",
      "4 0.7770887149698589\n"
     ]
    }
   ],
   "source": [
    "for i, j, k in sorted(answ, key=lambda x: x[2])[1:3]:\n",
    "    print(j, k)"
   ]
  },
  {
   "cell_type": "code",
   "execution_count": 123,
   "metadata": {},
   "outputs": [
    {
     "data": {
      "text/plain": [
       "[(0, 0, 0.0),\n",
       " (0, 1, 0.9527544408738466),\n",
       " (0, 2, 0.8644738145642124),\n",
       " (0, 3, 0.8951715163278082),\n",
       " (0, 4, 0.7770887149698589),\n",
       " (0, 5, 0.9402385695332803),\n",
       " (0, 6, 0.7327387580875756),\n",
       " (0, 7, 0.9258750683338899),\n",
       " (0, 8, 0.884272487528431),\n",
       " (0, 9, 0.9055088817476932),\n",
       " (0, 10, 0.8328165362273942),\n",
       " (0, 11, 0.8804771390665607),\n",
       " (0, 12, 0.8396432548525454),\n",
       " (0, 13, 0.8703592552895671),\n",
       " (0, 14, 0.8740118423302576),\n",
       " (0, 15, 0.9442721787424647),\n",
       " (0, 16, 0.8406361854220809),\n",
       " (0, 17, 0.956644501523794),\n",
       " (0, 18, 0.9442721787424647),\n",
       " (0, 19, 0.8885443574849294),\n",
       " (0, 20, 0.8427572744917122),\n",
       " (0, 21, 0.8250364469440586),\n",
       " (1, 0, 0.9527544408738466),\n",
       " (1, 1, 2.220446049250313e-16),\n",
       " (1, 2, 0.7908349933664811),\n",
       " (1, 3, 0.9306624754718463),\n",
       " (1, 4, 0.8156975548063786),\n",
       " (1, 5, 0.9604715292478953),\n",
       " (1, 6, 0.8939339828220179),\n",
       " (1, 7, 0.950970966215454),\n",
       " (1, 8, 0.7958758547680685),\n",
       " (1, 9, 0.71875),\n",
       " (1, 10, 0.8894185328838271),\n",
       " (1, 11, 0.841886116991581),\n",
       " (1, 12, 0.7525126265847084),\n",
       " (1, 13, 0.8713760611431184),\n",
       " (1, 14, 0.9583333333333334),\n",
       " (1, 15, 0.7788370657676543),\n",
       " (1, 16, 0.894590744661054),\n",
       " (1, 17, 0.8852921330647191),\n",
       " (1, 18, 0.9262790219225514),\n",
       " (1, 19, 0.9631395109612757),\n",
       " (1, 20, 0.9653312377359232),\n",
       " (1, 21, 0.8842724875284311),\n",
       " (2, 0, 0.8644738145642124),\n",
       " (2, 1, 0.7908349933664811),\n",
       " (2, 2, 0.0),\n",
       " (2, 3, 0.9668503227934102),\n",
       " (2, 4, 0.7532824181024155),\n",
       " (2, 5, 0.9244071053981545),\n",
       " (2, 6, 0.797162978865156),\n",
       " (2, 7, 0.7187156614369028),\n",
       " (2, 8, 0.5364474653494467),\n",
       " (2, 9, 0.5517892714996024),\n",
       " (2, 10, 0.7885277869449275),\n",
       " (2, 11, 0.6598319742916956),\n",
       " (2, 12, 0.8647753192434373),\n",
       " (2, 13, 0.8360159876618425),\n",
       " (2, 14, 0.9203180927110404),\n",
       " (2, 15, 0.8590185246299518),\n",
       " (2, 16, 0.8740118423302576),\n",
       " (2, 17, 0.7806366011571673),\n",
       " (2, 18, 0.7532824181024155),\n",
       " (2, 19, 0.7885277869449275),\n",
       " (2, 20, 0.8011019367604613),\n",
       " (2, 21, 0.704915554574673),\n",
       " (3, 0, 0.8951715163278082),\n",
       " (3, 1, 0.9306624754718463),\n",
       " (3, 2, 0.9668503227934102),\n",
       " (3, 3, -2.220446049250313e-16),\n",
       " (3, 4, 0.8364278359780939),\n",
       " (3, 5, 0.9122941980692971),\n",
       " (3, 6, 0.803883864861816),\n",
       " (3, 7, 0.9456071706779579),\n",
       " (3, 8, 0.9716930741463851),\n",
       " (3, 9, 0.8959937132077695),\n",
       " (3, 10, 0.9591069589945235),\n",
       " (3, 11, 0.9561470990346486),\n",
       " (3, 12, 0.9215535459447264),\n",
       " (3, 13, 0.8573045517536517),\n",
       " (3, 14, 0.9537749836478976),\n",
       " (3, 15, 0.9591069589945235),\n",
       " (3, 16, 0.9122941980692971),\n",
       " (3, 17, 0.8727430474048444),\n",
       " (3, 18, 0.8773208769835704),\n",
       " (3, 19, 1.0),\n",
       " (3, 20, 0.9230769230769231),\n",
       " (3, 21, 0.9144079014978174),\n",
       " (4, 0, 0.7770887149698589),\n",
       " (4, 1, 0.8156975548063786),\n",
       " (4, 2, 0.7532824181024155),\n",
       " (4, 3, 0.8364278359780939),\n",
       " (4, 4, -2.220446049250313e-16),\n",
       " (4, 5, 1.0),\n",
       " (4, 6, 0.7914855859429253),\n",
       " (4, 7, 1.0),\n",
       " (4, 8, 0.7592282938284616),\n",
       " (4, 9, 0.6313951096127572),\n",
       " (4, 10, 0.7826086956521738),\n",
       " (4, 11, 0.9533747595879843),\n",
       " (4, 12, 0.9165942343771701),\n",
       " (4, 13, 0.7471391312879132),\n",
       " (4, 14, 1.0),\n",
       " (4, 15, 0.7826086956521738),\n",
       " (4, 16, 0.9378330127839791),\n",
       " (4, 17, 0.8646979817016522),\n",
       " (4, 18, 0.8695652173913043),\n",
       " (4, 19, 0.9565217391304348),\n",
       " (4, 20, 0.8773208769835704),\n",
       " (4, 21, 0.8634952734420129),\n",
       " (5, 0, 0.9402385695332803),\n",
       " (5, 1, 0.9604715292478953),\n",
       " (5, 2, 0.9244071053981545),\n",
       " (5, 3, 0.9122941980692971),\n",
       " (5, 4, 1.0),\n",
       " (5, 5, 2.220446049250313e-16),\n",
       " (5, 6, 0.6869504831500295),\n",
       " (5, 7, 0.8759652654107916),\n",
       " (5, 8, 0.9031754163448146),\n",
       " (5, 9, 0.8814145877436858),\n",
       " (5, 10, 0.8134990383519373),\n",
       " (5, 11, 0.9),\n",
       " (5, 12, 0.7763932022500211),\n",
       " (5, 13, 0.8373021566360079),\n",
       " (5, 14, 0.841886116991581),\n",
       " (5, 15, 1.0),\n",
       " (5, 16, 0.8333333333333334),\n",
       " (5, 17, 0.8549047499779977),\n",
       " (5, 18, 0.8601242787639529),\n",
       " (5, 19, 0.8601242787639529),\n",
       " (5, 20, 0.9561470990346486),\n",
       " (5, 21, 0.9512049963525734),\n",
       " (6, 0, 0.7327387580875756),\n",
       " (6, 1, 0.8939339828220179),\n",
       " (6, 2, 0.797162978865156),\n",
       " (6, 3, 0.803883864861816),\n",
       " (6, 4, 0.7914855859429253),\n",
       " (6, 5, 0.6869504831500295),\n",
       " (6, 6, 0.0),\n",
       " (6, 7, 0.8890599607549542),\n",
       " (6, 8, 0.797927405783631),\n",
       " (6, 9, 0.7525126265847084),\n",
       " (6, 10, 0.7497827031315103),\n",
       " (6, 11, 0.8658359213500126),\n",
       " (6, 12, 0.72),\n",
       " (6, 13, 0.7089572499564005),\n",
       " (6, 14, 0.8585786437626904),\n",
       " (6, 15, 0.9165942343771701),\n",
       " (6, 16, 0.7316718427000253),\n",
       " (6, 17, 0.8053342946430849),\n",
       " (6, 18, 0.7914855859429253),\n",
       " (6, 19, 0.8331884687543402),\n",
       " (6, 20, 0.8431070918894528),\n",
       " (6, 21, 0.8254256878112061),\n",
       " (7, 0, 0.9258750683338899),\n",
       " (7, 1, 0.950970966215454),\n",
       " (7, 2, 0.7187156614369028),\n",
       " (7, 3, 0.9456071706779579),\n",
       " (7, 4, 1.0),\n",
       " (7, 5, 0.8759652654107916),\n",
       " (7, 6, 0.8890599607549542),\n",
       " (7, 7, -2.220446049250313e-16),\n",
       " (7, 8, 0.7197757308410975),\n",
       " (7, 9, 0.950970966215454),\n",
       " (7, 10, 0.7108425340168798),\n",
       " (7, 11, 0.8139478981161873),\n",
       " (7, 12, 0.8335899411324312),\n",
       " (7, 13, 0.7981981618011063),\n",
       " (7, 14, 1.0),\n",
       " (7, 15, 1.0),\n",
       " (7, 16, 0.9586550884702638),\n",
       " (7, 17, 1.0),\n",
       " (7, 18, 0.9421685068033759),\n",
       " (7, 19, 0.8265055204101279),\n",
       " (7, 20, 0.8912143413559157),\n",
       " (7, 21, 0.9394772467331197),\n",
       " (8, 0, 0.884272487528431),\n",
       " (8, 1, 0.7958758547680685),\n",
       " (8, 2, 0.5364474653494467),\n",
       " (8, 3, 0.9716930741463851),\n",
       " (8, 4, 0.7592282938284616),\n",
       " (8, 5, 0.9031754163448146),\n",
       " (8, 6, 0.797927405783631),\n",
       " (8, 7, 0.7197757308410975),\n",
       " (8, 8, -2.220446049250313e-16),\n",
       " (8, 9, 0.7193293003060942),\n",
       " (8, 10, 0.60874597747125),\n",
       " (8, 11, 0.7418011102528389),\n",
       " (8, 12, 0.797927405783631),\n",
       " (8, 13, 0.7549509852950983),\n",
       " (8, 14, 0.9659793091280114),\n",
       " (8, 15, 0.8796141469142308),\n",
       " (8, 16, 0.8924171292720162),\n",
       " (8, 17, 0.8829267735522882),\n",
       " (8, 18, 0.8194212203713461),\n",
       " (8, 19, 0.8194212203713461),\n",
       " (8, 20, 0.8584653707319255),\n",
       " (8, 21, 0.8110177634953863),\n",
       " (9, 0, 0.9055088817476932),\n",
       " (9, 1, 0.71875),\n",
       " (9, 2, 0.5517892714996024),\n",
       " (9, 3, 0.8959937132077695),\n",
       " (9, 4, 0.6313951096127572),\n",
       " (9, 5, 0.8814145877436858),\n",
       " (9, 6, 0.7525126265847084),\n",
       " (9, 7, 0.950970966215454),\n",
       " (9, 8, 0.7193293003060942),\n",
       " (9, 9, 2.220446049250313e-16),\n",
       " (9, 10, 0.7788370657676543),\n",
       " (9, 11, 0.841886116991581),\n",
       " (9, 12, 0.8939339828220179),\n",
       " (9, 13, 0.785626768571864),\n",
       " (9, 14, 0.9166666666666666),\n",
       " (9, 15, 0.7788370657676543),\n",
       " (9, 16, 0.841886116991581),\n",
       " (9, 17, 0.7705842661294382),\n",
       " (9, 18, 0.74197657672893),\n",
       " (9, 19, 0.8525580438451028),\n",
       " (9, 20, 0.8613249509436927),\n",
       " (9, 21, 0.7299691375663392),\n",
       " (10, 0, 0.8328165362273942),\n",
       " (10, 1, 0.8894185328838271),\n",
       " (10, 2, 0.7885277869449275),\n",
       " (10, 3, 0.9591069589945235),\n",
       " (10, 4, 0.7826086956521738),\n",
       " (10, 5, 0.8134990383519373),\n",
       " (10, 6, 0.7497827031315103),\n",
       " (10, 7, 0.7108425340168798),\n",
       " (10, 8, 0.60874597747125),\n",
       " (10, 9, 0.7788370657676543),\n",
       " (10, 10, -2.220446049250313e-16),\n",
       " (10, 11, 0.8134990383519373),\n",
       " (10, 12, 0.5829711718858505),\n",
       " (10, 13, 0.7471391312879132),\n",
       " (10, 14, 1.0),\n",
       " (10, 15, 0.9130434782608695),\n",
       " (10, 16, 0.9067495191759686),\n",
       " (10, 17, 0.9661744954254131),\n",
       " (10, 18, 0.8695652173913043),\n",
       " (10, 19, 0.7826086956521738),\n",
       " (10, 20, 0.7955347949726173),\n",
       " (10, 21, 0.8634952734420129),\n",
       " (11, 0, 0.8804771390665607),\n",
       " (11, 1, 0.841886116991581),\n",
       " (11, 2, 0.6598319742916956),\n",
       " (11, 3, 0.9561470990346486),\n",
       " (11, 4, 0.9533747595879843),\n",
       " (11, 5, 0.9),\n",
       " (11, 6, 0.8658359213500126),\n",
       " (11, 7, 0.8139478981161873),\n",
       " (11, 8, 0.7418011102528389),\n",
       " (11, 9, 0.841886116991581),\n",
       " (11, 10, 0.8134990383519373),\n",
       " (11, 11, 2.220446049250313e-16),\n",
       " (11, 12, 0.7763932022500211),\n",
       " (11, 13, 0.9457673855453359),\n",
       " (11, 14, 0.947295372330527),\n",
       " (11, 15, 1.0),\n",
       " (11, 16, 0.8),\n",
       " (11, 17, 0.9274523749889988),\n",
       " (11, 18, 0.9067495191759686),\n",
       " (11, 19, 0.7668737979399216),\n",
       " (11, 20, 0.8684412971039456),\n",
       " (11, 21, 0.85361498905772),\n",
       " (12, 0, 0.8396432548525454),\n",
       " (12, 1, 0.7525126265847084),\n",
       " (12, 2, 0.8647753192434373),\n",
       " (12, 3, 0.9215535459447264),\n",
       " (12, 4, 0.9165942343771701),\n",
       " (12, 5, 0.7763932022500211),\n",
       " (12, 6, 0.72),\n",
       " (12, 7, 0.8335899411324312),\n",
       " (12, 8, 0.797927405783631),\n",
       " (12, 9, 0.8939339828220179),\n",
       " (12, 10, 0.5829711718858505),\n",
       " (12, 11, 0.7763932022500211),\n",
       " (12, 12, 0.0),\n",
       " (12, 13, 0.8059714999709336),\n",
       " (12, 14, 0.9528595479208968),\n",
       " (12, 15, 1.0),\n",
       " (12, 16, 0.850928801500014),\n",
       " (12, 17, 0.9351114315476949),\n",
       " (12, 18, 0.8748913515657551),\n",
       " (12, 19, 0.7914855859429253),\n",
       " (12, 20, 0.8431070918894528),\n",
       " (12, 21, 0.912712843905603),\n",
       " (13, 0, 0.8703592552895671),\n",
       " (13, 1, 0.8713760611431184),\n",
       " (13, 2, 0.8360159876618425),\n",
       " (13, 3, 0.8573045517536517),\n",
       " (13, 4, 0.7471391312879132),\n",
       " (13, 5, 0.8373021566360079),\n",
       " (13, 6, 0.7089572499564005),\n",
       " (13, 7, 0.7981981618011063),\n",
       " (13, 8, 0.7549509852950983),\n",
       " (13, 9, 0.785626768571864),\n",
       " (13, 10, 0.7471391312879132),\n",
       " (13, 11, 0.9457673855453359),\n",
       " (13, 12, 0.8059714999709336),\n",
       " (13, 13, 0.0),\n",
       " (13, 14, 0.8285014148574912),\n",
       " (13, 15, 0.7977113050303305),\n",
       " (13, 16, 0.7830695421813438),\n",
       " (13, 17, 0.7245886836223783),\n",
       " (13, 18, 0.7471391312879132),\n",
       " (13, 19, 0.8988556525151653),\n",
       " (13, 20, 0.9048697011691011),\n",
       " (13, 21, 0.8412231627925111),\n",
       " (14, 0, 0.8740118423302576),\n",
       " (14, 1, 0.9583333333333334),\n",
       " (14, 2, 0.9203180927110404),\n",
       " (14, 3, 0.9537749836478976),\n",
       " (14, 4, 1.0),\n",
       " (14, 5, 0.841886116991581),\n",
       " (14, 6, 0.8585786437626904),\n",
       " (14, 7, 1.0),\n",
       " (14, 8, 0.9659793091280114),\n",
       " (14, 9, 0.9166666666666666),\n",
       " (14, 10, 1.0),\n",
       " (14, 11, 0.947295372330527),\n",
       " (14, 12, 0.9528595479208968),\n",
       " (14, 13, 0.8285014148574912),\n",
       " (14, 14, -2.220446049250313e-16),\n",
       " (14, 15, 0.7542634064085048),\n",
       " (14, 16, 0.6134993970905314),\n",
       " (14, 17, 0.6558763991941573),\n",
       " (14, 18, 0.8034107251268038),\n",
       " (14, 19, 0.950852681281701),\n",
       " (14, 20, 0.8150999345915902),\n",
       " (14, 21, 0.6399588500884521),\n",
       " (15, 0, 0.9442721787424647),\n",
       " (15, 1, 0.7788370657676543),\n",
       " (15, 2, 0.8590185246299518),\n",
       " (15, 3, 0.9591069589945235),\n",
       " (15, 4, 0.7826086956521738),\n",
       " (15, 5, 1.0),\n",
       " (15, 6, 0.9165942343771701),\n",
       " (15, 7, 1.0),\n",
       " (15, 8, 0.8796141469142308),\n",
       " (15, 9, 0.7788370657676543),\n",
       " (15, 10, 0.9130434782608695),\n",
       " (15, 11, 1.0),\n",
       " (15, 12, 1.0),\n",
       " (15, 13, 0.7977113050303305),\n",
       " (15, 14, 0.7542634064085048),\n",
       " (15, 15, -2.220446049250313e-16),\n",
       " (15, 16, 0.7202485575279058),\n",
       " (15, 17, 0.6955704588287177),\n",
       " (15, 18, 0.7826086956521738),\n",
       " (15, 19, 0.9565217391304348),\n",
       " (15, 20, 0.8364278359780939),\n",
       " (15, 21, 0.6814889713646969),\n",
       " (16, 0, 0.8406361854220809),\n",
       " (16, 1, 0.894590744661054),\n",
       " (16, 2, 0.8740118423302576),\n",
       " (16, 3, 0.9122941980692971),\n",
       " (16, 4, 0.9378330127839791),\n",
       " (16, 5, 0.8333333333333334),\n",
       " (16, 6, 0.7316718427000253),\n",
       " (16, 7, 0.9586550884702638),\n",
       " (16, 8, 0.8924171292720162),\n",
       " (16, 9, 0.841886116991581),\n",
       " (16, 10, 0.9067495191759686),\n",
       " (16, 11, 0.8),\n",
       " (16, 12, 0.850928801500014),\n",
       " (16, 13, 0.7830695421813438),\n",
       " (16, 14, 0.6134993970905314),\n",
       " (16, 15, 0.7202485575279058),\n",
       " (16, 16, 1.1102230246251565e-16),\n",
       " (16, 17, 0.6130793332746605),\n",
       " (16, 18, 0.6891650639198954),\n",
       " (16, 19, 0.8445825319599477),\n",
       " (16, 20, 0.7661178615181256),\n",
       " (16, 21, 0.7072299781154401),\n",
       " (17, 0, 0.956644501523794),\n",
       " (17, 1, 0.8852921330647191),\n",
       " (17, 2, 0.7806366011571673),\n",
       " (17, 3, 0.8727430474048444),\n",
       " (17, 4, 0.8646979817016522),\n",
       " (17, 5, 0.8549047499779977),\n",
       " (17, 6, 0.8053342946430849),\n",
       " (17, 7, 1.0),\n",
       " (17, 8, 0.8829267735522882),\n",
       " (17, 9, 0.7705842661294382),\n",
       " (17, 10, 0.9661744954254131),\n",
       " (17, 11, 0.9274523749889988),\n",
       " (17, 12, 0.9351114315476949),\n",
       " (17, 13, 0.7245886836223783),\n",
       " (17, 14, 0.6558763991941573),\n",
       " (17, 15, 0.6955704588287177),\n",
       " (17, 16, 0.6130793332746605),\n",
       " (17, 17, -2.220446049250313e-16),\n",
